
40   6.0247  +(#21)  -2.8219  -1.6894   5.4584  -0.6525    80   7.5397  -(#42)  -6.6251  -0.5209   8.3210  -7.4644
39   5.9522  -(#19)  -4.6758  -0.4293   6.3751  -5.4610    79   7.5314  +(#38)   2.4306   1.0265   7.5460   1.9675
38   5.9197  +(#20)   2.1875   0.9085   5.5417   0.4720    78   7.4819  +(#37)  -5.4419  -0.6038   7.3571  -5.4541
37   5.8784  -(#18)  -1.5644   0.0956   6.4526   4.3710    77   7.4726  +(#36)   3.6466   0.2449   7.5995  -0.6052
36   5.8204  -(#17)   1.2437   0.8107   6.5168  -3.0355    76   7.4638  -(#41)  -3.4790  -0.0241   8.4001   6.3897
35   5.7789  -(#16)   2.9177   0.9685   6.5614   1.3177    75   7.4443  -(#40)  -3.5039   3.6000   6.3140   0.3345
34   5.7584  +(#19)  -3.2143  -0.7328   5.4245   2.3976    74   7.3989  -(#39)  -0.6197   0.5365   8.4695  -5.2431
33   5.7293  -(#15)   3.0504  -0.6845   6.6042  -0.1928    73   7.3967  +(#35)  -1.8710  -0.0134   7.4463   4.3722
32   5.7034  +(#18)  -3.3506  -0.6741   5.4192  -3.4116    72   7.3799  +(#34)   4.3078  -2.4630   7.6824   0.0373
31   5.6615  +(#17)   1.0002   0.2289   5.5235  -1.2825    71   7.3471  -(#38)   2.0466   1.3429   8.5274   3.7626
30   5.6581  -(#14)   3.7602  -2.6757   6.6716   0.0063    70   7.3286  +(#33)   1.4140   0.7858   7.5223  -3.0746
29   5.6166  +(#16)   0.5223   0.0601   5.5137   2.3187    69   7.3090  -(#37)   3.6555   1.5678   8.5686  -1.7307
28   5.5906  +(#15)   2.6797   0.6808   5.5613  -0.1605    68   7.2800  +(#32)   3.5297   1.0850   7.5763   1.3777
27   5.5345  +(#14)   3.4840  -0.8902   5.6216  -0.5224    67   7.2649  -(#36)   3.6180  -0.0900   8.6066   0.3065
26   5.4839  +(#13)   3.6519  -1.4947   5.6407   0.1515    66   7.2333  -(#35)  -3.6558  -0.2140   6.3995  -0.8836
25   5.1307  +(#12)  -3.7002  -0.4075   5.4028   4.4573    65   7.2233  +(#31)   3.7097  -0.7980   7.6259  -0.2184
24   5.0587  +(#11)  -0.6070   0.1514   5.4789  -3.3457    64   7.2048  -(#34)   4.0500  -1.9001   8.6617  -0.0172
23   5.0063  +(#10)   2.0107   0.8411   5.5382   1.8613    63   7.1467  -(#33)  -3.3958  -1.7470   6.4432   1.9893
22   4.9621  +(# 9)   2.6845  -0.0421   5.5785  -0.5071    62   7.1427  +(#30)   4.4450  -2.9955   7.6989   0.0079
21   4.9481  -(#13)  -2.0585   2.2256   4.3881   0.7919    61   7.1303  -(#32)   4.8969  -3.8977   8.7332   0.0003
20   4.8941  +(# 8)   3.2319  -2.0472   5.6415   0.0262    60   7.1235  -(#31)   0.5409   2.1464   6.4650  -0.0146
19   4.8341  -(#12)  -2.2797  -1.0248   4.4583   1.9252    59   7.0061  -(#30)   1.5810  -1.2755   6.5757  -0.8523
18   4.7738  -(#11)   0.4178  -0.1317   4.5152  -1.1009    58   6.9278  -(#29)   4.6981  -0.2277   6.6410   0.4099
17   4.6975  -(#10)   1.6828  -0.3381   4.5565   0.1382    57   6.7881  +(#29)  -5.6511  -0.4880   7.3484   6.4625
16   4.6455  -(# 9)  -0.1447  -0.2149   4.5009  -1.1707    56   6.7559  -(#28)  -4.2119  -0.6415   6.3935  -3.4364
15   4.5352  -(# 8)   2.4090  -0.3552   4.5779   0.4032    55   6.7130  +(#28)  -2.5194   0.0189   7.4268  -5.3835
14   4.2324  -(# 7)  -2.7219  -0.4207   4.4313  -3.4493    54   6.6588  -(#27)  -0.0493   0.1701   6.4946   2.3303
13   4.1636  -(# 6)   0.3280   0.1882   4.5050   2.2973    53   6.6508  +(#27)   0.3161   0.6342   7.4942   4.1848
12   4.1166  -(# 5)   2.2625   0.4604   4.5545  -0.9334    52   6.6046  +(#26)   2.7844   1.4194   7.5469  -2.4543
11   4.0533  -(# 4)   2.7617  -1.3914   4.6125   0.0985    51   6.6025  -(#26)  -4.4194  -0.5895   6.3863   4.4392
10   3.8684  +(# 7)  -1.2038   0.7540   3.4475  -1.2933    50   6.5899  -(#25)   3.0286   0.7690   6.5693  -0.9975
9   3.7759  +(# 6)   0.7950  -0.6322   3.5379   0.3085    49   6.5651  +(#25)   3.3269   0.5271   7.5836   0.7459
8   3.5131  +(# 5)  -0.2013   0.4287   3.4841   0.5518    48   6.5166  -(#24)  -0.7325   0.0400   6.4779  -3.3186
7   3.3411  +(# 4)  -1.7337  -0.6378   3.4650   2.3999    47   6.5094  +(#24)   3.5492  -1.2925   7.6329  -0.0620
6   3.2815  +(# 3)   1.1226   0.2826   3.5257  -1.2551    46   6.5025  -(#23)   3.5965  -1.4413   6.6378   0.1235
5   3.2201  +(# 2)   2.4611  -0.6633   3.5867   0.2881    45   6.4530  -(#22)   2.4685   0.8718   6.5507   1.8580
4   2.7459  -(# 3)  -0.1490   0.0958   2.4934   0.4892    44   6.4363  +(#23)   4.3437  -3.2810   7.7027   0.0015
3   2.4103  -(# 2)  -0.7242   0.0336   2.4783  -1.3949    43   6.3988  -(#21)   3.4680  -0.2687   6.6064  -0.5193
2   2.3439  -(# 1)   1.3161  -0.2966   2.5450   0.4057    42   6.3231  -(#20)   3.9146  -2.3190   6.6677   0.0319
1   1.5000  +(# 1)   0.0886  -0.0334   1.5033   0.5000    41   6.1549  +(#22)  -2.8876   3.2687   5.3396  -0.3022

#   ENERGY +/-(#)    <Q20>    <Q22>     <R2>     <JZ>      #   ENERGY +/-(#)    <Q20>    <Q22>     <R2>     <JZ>
